186
-314 -69 -5 -1 1 -2 -1 1 2 5 -30 -2 -1 1 2 -4 -1 1 4 -1 1 -1 1 30 -9 -4 -1 1 -2 -1 1 2 4 -1 1 -1 1 -1 1 9 69 -177 -8 -7 -2 -1 1 2 -1 1 -1 1 7 8 -20 -15 -5 -1 1 -1 1 5 -3 3 15 -1 1 -2 -1 1 2 20 -85 -10 10 -4 -1 1 4 -9 9 -5 -1 1 -2 -1 1 2 5 -8 -1 1 -1 1 -1 1 8 -1 1 85 -17 -3 -1 1 3 -3 3 17 -1 1 -13 -2 -1 1 2 -2 2 13 -1 1 -1 1 -2 -1 1 2 177 -54 -22 -3 -1 1 3 -10 -3 -1 1 3 -1 1 -1 1 -1 1 10 -3 -2 2 3 22 -5 -1 1 5 -5 -2 -1 1 2 -1 1 -1 1 5 -5 -3 -1 1 -1 1 3 5 54 -11 -5 5 -1 1 11 -3 -2 -1 1 2 3 314
92
-850 -881 -7 -2 2 -2 -1 1 2 -1 1 7 -4 4 -82 -1 1 -7 -2 2 -1 1 -1 1 7 82 -4 4 -9 -2 -1 1 2 9 -3 -1 1 -1 1 3 -10 -4 -1 1 -1 1 4 -1 1 -2 -1 1 2 -2 -1 1 2 10 -1 1 881 -20 -1 1 -3 -2 2 3 -1 1 -1 1 20 -3 3 -5 -1 1 5 -4 -3 -1 1 3 4 -1 1 -2 -1 1 2 850
194
-232 -8 -2 2 -1 1 -1 1 8 -9 -3 -1 1 3 -4 -1 1 -1 1 4 -1 1 9 -1 1 -1 1 232 -22 -3 -2 -1 1 2 3 -4 4 -2 -1 1 2 22 -263 -219 -136 -19 -2 2 -2 2 19 -28 -4 4 -1 1 28 -7 -4 -2 2 -1 1 4 7 -1 1 -5 -3 -2 2 3 5 -1 1 -1 1 136 -47 -8 -2 2 -4 -2 -1 1 2 -1 1 4 8 47 -9 -1 1 -2 2 9 -3 -1 1 3 219 -2 -1 1 2 -11 -1 1 -4 -1 1 -2 2 4 -1 1 11 -9 -5 5 -1 1 -1 1 9 -6 -5 -2 -1 1 2 -2 -1 1 2 5 6 263 -9 -1 1 -2 2 -1 1 9 -109 -88 -33 -3 -1 1 3 33 88 -3 -1 1 -1 1 3 -3 -1 1 3 109 -17 -2 -1 1 2 17 -19 -1 1 -1 1 19 -11 -2 2 -5 -3 -1 1 3 -1 1 5 -1 1 11
158
-547 -440 -157 -47 -17 -6 -1 1 -2 2 6 -4 4 17 -4 -2 -1 1 2 4 -1 1 47 -3 -2 2 3 -3 3 -2 -1 1 2 -2 -1 1 2 -5 5 157 -57 -7 -5 -1 1 -1 1 5 -1 1 7 -4 4 -8 8 -8 -2 2 -2 2 8 -1 1 -1 1 57 -14 -2 2 14 -28 -4 -2 -1 1 2 4 -5 -1 1 5 -1 1 -2 -1 1 2 -1 1 -3 -1 1 3 28 -1 1 -20 -8 -7 -1 1 7 8 -2 -1 1 2 -2 -1 1 2 -1 1 -1 1 20 -1 1 440 -78 -7 7 -3 -1 1 3 -3 -1 1 3 78 -9 -4 -2 -1 1 2 -1 1 4 -1 1 9 -10 -4 -1 1 -2 -1 1 2 4 -2 2 10 -1 1 547
82
-439 -38 -3 3 -7 7 -1 1 38 -49 -6 -1 1 6 -5 -2 2 -2 -1 1 2 5 -3 -1 1 3 49 -79 -27 -1 1 -4 -2 -1 1 2 4 -1 1 27 -18 -1 1 -3 -1 1 3 -1 1 18 -9 -1 1 9 -2 -1 1 2 -11 -8 8 -1 1 11 -2 -1 1 2 -1 1 79 -6 -1 1 -2 2 6 -1 1 -2 2 439
88
-944 -4 -3 3 4 -135 -91 -54 -16 16 -6 6 -1 1 54 -3 -1 1 3 -1 1 91 -1 1 -14 -5 5 14 -4 4 -4 4 -12 -5 -1 1 -1 1 5 12 -3 -2 2 3 -1 1 135 -85 -19 -4 -3 -1 1 3 4 -1 1 19 -2 2 85 -5 -1 1 5 -27 -8 -1 1 8 -3 -1 1 3 -2 2 -1 1 -2 -1 1 2 27 -2 -1 1 2 944
4
-733 -758 758 733
108
-285 -186 -2 -1 1 2 -46 -16 -7 7 -6 -2 -1 1 2 6 16 -3 3 -1 1 46 -81 -40 -5 -1 1 -1 1 5 -1 1 -1 1 40 -28 -17 -1 1 -2 2 -1 1 17 -1 1 28 81 -16 -11 -1 1 -2 2 11 16 -6 -1 1 6 -1 1 186 -31 -8 -2 -1 1 2 8 -7 7 -1 1 -4 -3 -2 -1 1 2 3 4 31 -16 -10 -3 3 -1 1 10 -4 -1 1 4 16 -9 9 -7 -2 2 -2 2 -2 -1 1 2 7 285
182
-560 -491 -186 -140 -54 -20 -9 -2 -1 1 2 9 -1 1 -1 1 20 -3 3 -1 1 54 -4 4 -11 -2 -1 1 2 -2 -1 1 2 11 140 -27 -10 -1 1 -1 1 -1 1 10 -1 1 -3 -1 1 3 27 -7 -1 1 7 -1 1 -1 1 -1 1 -2 2 -1 1 186 -87 -17 -7 -4 -2 -1 1 2 4 -1 1 -1 1 7 -2 2 -1 1 -6 -2 2 -1 1 6 17 -18 -6 -1 1 -3 3 6 -3 -1 1 3 -4 4 18 87 -4 -1 1 -1 1 4 -3 3 -3 3 -6 6 -9 9 -1 1 -14 -7 -2 -1 1 2 -1 1 -1 1 7 -2 2 14 -2 -1 1 2 -1 1 -2 -1 1 2 -2 -1 1 2 491 -61 -14 -3 3 14 -6 -1 1 -2 2 -1 1 6 -3 -1 1 3 -2 2 61 -4 -2 2 4 -2 2 -2 -1 1 2 560
18
-28 -27 -4 -1 1 4 -3 -2 2 3 -5 5 -1 1 27 -1 1 28
50
231 -46 -8 -3 3 -1 1 8 -2 2 46 -44 -1 1 -1 1 44 -10 -7 -1 1 7 -1 1 -1 1 10 -44 -1 1 -1 1 -3 -1 1 3 -2 2 44 -6 -1 1 6 -2 2 -1 1 -1 1 -231
58
-89 -15 -3 -1 1 3 -1 1 -1 1 15 -31 -1 1 31 -29 -19 -13 -3 3 -1 1 13 -3 3 -2 2 19 -3 -1 1 3 -1 1 -4 4 -1 1 29 -7 -2 -1 1 2 -4 4 7 -6 -2 2 -2 2 -1 1 6 -1 1 89
156
350 -91 -4 -1 1 -2 2 4 -1 1 91 -113 -29 -14 -2 -1 1 2 -4 -1 1 -1 1 4 -1 1 14 -2 -1 1 2 -3 -1 1 3 -6 -1 1 -1 1 6 -3 3 29 -10 -2 2 -3 3 -1 1 10 -12 -7 7 -1 1 12 -18 -7 -2 2 7 -3 -1 1 3 -1 1 -1 1 18 -4 -2 2 -1 1 4 -1 1 -1 1 113 -38 -3 3 -1 1 -5 -1 1 5 -4 -1 1 -2 2 4 38 -40 -15 -3 3 -2 -1 1 2 -2 2 15 -10 -1 1 10 -12 -4 -2 -1 1 2 4 -6 -1 1 -1 1 6 12 40 -4 -1 1 4 -1 1 -5 -1 1 -1 1 -1 1 5 -5 -1 1 -3 -1 1 -1 1 3 5 -1 1 -350
38
930 -3 -1 1 3 -14 -1 1 -1 1 14 -7 7 -1 1 -3 -2 2 3 -20 -12 -1 1 -1 1 12 -1 1 20 -11 -1 1 11 -1 1 -3 3 -930
18
-883 -137 137 -6 -2 2 6 -24 -8 -1 1 8 -1 1 24 -1 1 883
24
-500 -179 -8 8 -1 1 179 -9 -5 -1 1 5 -1 1 9 -1 1 -1 1 -1 1 -1 1 500
228
-902 -229 -45 -24 -8 -1 1 8 -2 2 -11 -1 1 -1 1 -3 -1 1 3 11 -1 1 -1 1 24 -3 -2 -1 1 2 3 -3 -2 -1 1 2 3 -1 1 45 -93 -36 -20 -2 -1 1 2 -11 -1 1 -1 1 -1 1 11 -1 1 -1 1 -1 1 20 -4 4 -1 1 -7 -4 -1 1 4 7 -1 1 -1 1 -1 1 36 -11 -5 -1 1 -1 1 5 11 -10 -2 2 10 -1 1 -6 6 -1 1 -1 1 93 -2 2 -11 -1 1 11 -9 -2 2 -3 -1 1 3 -1 1 9 -1 1 -1 1 -2 -1 1 2 229 -563 -71 -18 -9 -1 1 -3 -1 1 3 -3 -1 1 -1 1 3 -1 1 9 -2 -1 1 2 18 -4 4 -1 1 71 -80 -4 4 -2 2 -1 1 -3 -1 1 3 80 -3 -1 1 3 -1 1 -1 1 -2 -1 1 2 563 -101 -17 -4 -2 2 -1 1 4 -4 -1 1 -1 1 -1 1 4 -3 3 -1 1 17 -2 2 -18 -4 -1 1 -1 1 4 -1 1 -3 -1 1 3 18 -3 -1 1 3 -10 -1 1 10 -3 3 101 902
62
-504 -56 -2 2 -3 -1 1 -1 1 3 -4 -1 1 4 -1 1 -4 -1 1 -1 1 4 -1 1 56 -36 -2 -1 1 2 -2 -1 1 2 -1 1 -3 3 -2 2 36 -3 -1 1 -1 1 3 -6 -1 1 -2 -1 1 2 -1 1 -1 1 6 -3 3 504
166
-705 -713 -15 -1 1 15 -6 -5 5 6 -11 -4 -1 1 -1 1 4 -2 -1 1 2 11 713 -6 -2 -1 1 2 6 -180 -130 -23 -13 -3 3 -3 3 -1 1 13 -6 -2 -1 1 2 -1 1 -2 -1 1 2 6 23 -28 -8 -3 -1 1 -1 1 3 -2 2 -1 1 8 -1 1 28 -12 -2 2 -7 7 -2 -1 1 2 12 -13 -1 1 -1 1 -1 1 13 -2 2 -1 1 130 -5 5 -20 -4 4 -3 -1 1 3 -5 -2 2 5 20 180 -31 -3 -1 1 3 31 -20 -1 1 -2 2 -4 -1 1 -1 1 4 -1 1 20 -8 8 -38 -7 -2 2 7 -13 -6 6 -1 1 13 -2 2 -2 2 -1 1 38 -1 1 -5 5 -1 1 -4 -3 3 4 -2 -1 1 2 -2 -1 1 2 705
24
-211 -48 -13 -2 2 13 -24 -1 1 -2 -1 1 2 24 48 -1 1 -3 -1 1 3 -1 1 211
82
582 -306 -33 -9 -1 1 9 -1 1 -1 1 33 -28 -1 1 -4 -1 1 -1 1 4 -4 -2 2 4 -7 -6 -1 1 6 7 -1 1 -2 -1 1 2 28 -2 -1 1 2 -2 -1 1 2 306 -23 -5 -3 3 5 23 -3 3 -16 -4 -3 -2 2 3 4 -2 2 -1 1 -1 1 16 -2 -1 1 2 -2 -1 1 2 -3 3 -1 1 -582
52
-111 -158 158 -39 -12 -8 -4 4 8 -2 -1 1 2 12 -11 -3 -2 2 3 11 -7 -1 1 7 -4 -1 1 -1 1 -1 1 4 39 -11 -5 -1 1 -3 -2 2 3 5 11 -1 1 -1 1 -1 1 -1 1 111
146
737 -604 -247 -87 -1 1 -1 1 -6 -1 1 -2 -1 1 2 6 -1 1 -1 1 87 -24 -3 3 24 -1 1 247 -4 -2 2 4 -197 -41 -14 -3 3 -3 3 14 -3 -1 1 -1 1 3 41 -1 1 -6 6 -6 -3 -1 1 3 -1 1 6 197 -1 1 -6 -2 2 -2 2 -1 1 6 604 -69 -45 -14 -1 1 -2 -1 1 2 -1 1 -1 1 -1 1 14 -14 -4 -1 1 -1 1 4 -5 -2 2 5 -1 1 14 -2 -1 1 2 -3 -1 1 3 -1 1 45 -13 -1 1 -6 -1 1 -1 1 -2 2 6 -1 1 13 -1 1 69 -15 -6 -4 -2 -1 1 2 4 6 -1 1 -2 -1 1 2 15 -737
26
-340 -28 -6 -1 1 -1 1 -2 2 6 -1 1 28 -6 -1 1 6 -1 1 -1 1 -1 1 -1 1 340
104
-683 -357 -138 -90 -2 2 -14 -7 -3 3 -1 1 -1 1 7 -1 1 -1 1 -2 2 -1 1 14 -6 -4 -2 -1 1 2 4 -1 1 6 -14 -6 -2 2 -1 1 6 14 -12 -4 -1 1 4 -1 1 12 -2 -1 1 2 -2 -1 1 2 90 -39 -2 2 -2 -1 1 2 39 -2 -1 1 2 -1 1 138 357 -3 -1 1 3 -10 -6 -1 1 6 -2 -1 1 2 10 -8 -2 -1 1 2 8 -9 -1 1 9 -2 2 -1 1 683
244
-780 -794 -65 -25 -4 -1 1 4 -4 4 -2 2 25 -11 -1 1 -2 2 -5 5 -1 1 11 65 -21 21 -18 -14 -1 1 14 -3 3 18 -29 29 -19 -2 -1 1 2 -3 3 19 -9 -3 -2 2 3 -1 1 9 -3 3 -8 -1 1 -1 1 8 794 -168 -97 -77 -11 -2 -1 1 2 -3 3 11 -52 -5 -4 -1 1 -1 1 4 5 -13 -4 -3 -1 1 3 4 13 -8 -1 1 8 -17 -2 2 17 -6 -1 1 6 52 -1 1 -3 3 77 -10 -1 1 -1 1 10 -1 1 -5 -1 1 5 -2 -1 1 2 97 -20 -5 -3 -1 1 3 5 -2 2 20 -1 1 -1 1 -1 1 168 -14 -1 1 -5 5 14 -64 -7 -2 -1 1 2 -1 1 7 -3 -2 -1 1 2 3 64 -104 -33 -2 -1 1 2 -3 -1 1 -1 1 3 -2 -1 1 2 -2 -1 1 2 33 -13 -4 -1 1 -2 2 4 -6 -5 -1 1 5 6 -1 1 13 -35 -6 -1 1 -2 -1 1 2 6 -11 -1 1 11 -3 -2 -1 1 2 3 -1 1 -2 -1 1 2 35 -5 -4 4 5 -2 2 -1 1 104 -5 -1 1 5 -1 1 -1 1 780
46
-123 -118 -5 -1 1 -1 1 5 -24 -11 -1 1 -2 2 -1 1 11 -5 -3 -1 1 -1 1 3 -1 1 5 -1 1 -1 1 24 -2 2 -1 1 118 -1 1 -3 -1 1 3 -1 1 123
118
-278 -34 -6 -3 -2 2 3 -1 1 -1 1 6 -2 2 34 -150 -21 -3 3 -2 2 21 -35 -11 -1 1 -1 1 11 -20 -1 1 -2 -1 1 2 -1 1 20 -2 -1 1 2 -1 1 35 -7 -3 -1 1 3 -3 -2 -1 1 2 3 7 -10 -1 1 -5 5 -1 1 10 -8 8 -8 8 -2 -1 1 2 -1 1 -1 1 150 -5 -3 -1 1 3 -1 1 5 -55 -11 -2 2 -3 -2 -1 1 2 3 -1 1 -1 1 11 -7 -1 1 -1 1 -1 1 7 -5 5 -1 1 -1 1 55 278
114
-760 -310 -3 -2 -1 1 2 3 -25 -3 -2 2 3 -3 -1 1 3 -2 -1 1 2 -1 1 -1 1 25 -16 -11 -9 -3 -1 1 3 -1 1 9 11 -1 1 16 -2 -1 1 2 -5 -1 1 5 -6 6 -4 -1 1 4 -10 -8 -1 1 -2 -1 1 2 8 -1 1 10 -2 2 310 -18 -3 -1 1 -1 1 3 -8 -6 -1 1 -1 1 -1 1 6 8 -1 1 18 -13 -7 -1 1 -1 1 7 -3 3 13 -11 -2 -1 1 2 -2 -1 1 2 -1 1 11 -1 1 760
106
-602 -119 -59 -33 -2 2 -2 2 33 59 -8 -1 1 8 -16 -10 -2 -1 1 2 -5 -1 1 -1 1 5 -1 1 10 16 -8 -1 1 -2 2 8 -16 -5 -2 -1 1 2 5 -1 1 16 -2 2 -2 -1 1 2 119 -93 -16 -3 -1 1 3 -1 1 -1 1 16 -5 5 -12 -2 -1 1 2 -2 -1 1 2 12 -5 -4 -1 1 4 5 -1 1 -1 1 93 -20 -3 -2 2 3 -1 1 -3 -2 2 3 20 -14 -2 2 14 -1 1 602
62
-204 -251 -15 -6 -1 1 6 15 -1 1 -1 1 251 -3 3 -64 -2 2 -24 -1 1 -2 -1 1 2 -1 1 24 -9 -3 -1 1 3 9 -2 -1 1 2 -2 -1 1 2 -2 2 -2 2 -1 1 64 -25 -2 -1 1 2 -3 3 -1 1 25 -1 1 204
0
